POLINOMIO: 1.0x^3 + 0.0x^2 + 1.0x^1 + -7.0
Raices: [(-0.8696019306083469-1.807933226962017j), (-0.8696019306083469+1.807933226962017j), 1.7392038612166938]